138,52
138,51
138,50
138,49
138,48
138,47
138,46
138,45
138,44
138,43
138,42
138,41
138,40
138,39
138,38
138,37
138,36
138,35
137,3
137,2
137,1
137,0
136,3
136,2
136,1
136,0
135,3
20,2
135,2
20,1
135,1
20,3
135,0
134,3
134,2
134,1
134,0
133,3
19,2
133,2
19,1
133,1
19,3
133,0
132,3
132,2
132,1
132,0
131,0
130,16
130,15
130,14
130,13
130,12
130,11
130,10
130,9
130,8
130,7
130,6
130,5
130,4
130,3
130,2
130,1
130,0
129,8
129,7
129,6
129,5
129,4
129,3
129,2
129,1
129,0
128,5
128,4
128,3
128,2
128,1
128,0
127,92
127,91
127,90
127,89
127,88
127,87
127,86
